6 occurences
###
#C#
**#
(2,11)
(1,17)
(29,27)
(22,30)
(1,31)
(3,62)

3 occurences
###
*C#
***
(3,12)
(40,16)
(3,54)

1 occurences
**#
#C#
##*
(40,12)

4 occurences
###
*C#
**#
(37,13)
(15,45)
(21,62)
(44,62)

1 occurences
*##
#C#
#**
(40,13)

1 occurences
*##
#C#
##*
(39,14)

3 occurences
#**
#C#
##*
(53,15)
(43,26)
(30,29)

2 occurences
#**
#C#
***
(3,16)
(3,30)

11 occurences
***
#C#
#**
(53,16)
(31,19)
(50,23)
(33,26)
(5,27)
(43,27)
(30,30)
(10,32)
(36,38)
(24,41)
(40,54)

9 occurences
**#
#C#
***
(3,17)
(31,27)
(3,31)
(43,38)
(53,49)
(10,61)
(24,61)
(33,61)
(36,61)

244 occurences
***
#C#
***
(53,17)
(53,18)
(53,19)
(31,20)
(53,20)
(31,21)
(53,21)
(31,22)
(53,22)
(31,23)
(53,23)
(31,24)
(50,24)
(53,24)
(31,25)
(50,25)
(53,25)
(31,26)
(50,26)
(53,26)
(33,27)
(50,27)
(53,27)
(5,28)
(33,28)
(43,28)
(50,28)
(53,28)
(5,29)
(33,29)
(43,29)
(50,29)
(53,29)
(5,30)
(33,30)
(43,30)
(50,30)
(53,30)
(5,31)
(30,31)
(33,31)
(43,31)
(50,31)
(53,31)
(5,32)
(33,32)
(43,32)
(50,32)
(53,32)
(5,33)
(10,33)
(33,33)
(43,33)
(50,33)
(53,33)
(5,34)
(10,34)
(33,34)
(43,34)
(50,34)
(53,34)
(5,35)
(10,35)
(30,35)
(33,35)
(43,35)
(50,35)
(53,35)
(5,36)
(10,36)
(30,36)
(33,36)
(43,36)
(50,36)
(53,36)
(5,37)
(10,37)
(30,37)
(33,37)
(43,37)
(50,37)
(53,37)
(5,38)
(10,38)
(30,38)
(33,38)
(50,38)
(53,38)
(5,39)
(10,39)
(30,39)
(33,39)
(36,39)
(50,39)
(53,39)
(5,40)
(10,40)
(30,40)
(33,40)
(36,40)
(50,40)
(53,40)
(5,41)
(10,41)
(30,41)
(33,41)
(36,41)
(50,41)
(53,41)
(5,42)
(10,42)
(24,42)
(30,42)
(33,42)
(36,42)
(50,42)
(53,42)
(5,43)
(10,43)
(24,43)
(30,43)
(33,43)
(36,43)
(50,43)
(53,43)
(5,44)
(10,44)
(24,44)
(30,44)
(33,44)
(36,44)
(50,44)
(53,44)
(5,45)
(10,45)
(24,45)
(30,45)
(33,45)
(36,45)
(50,45)
(53,45)
(5,46)
(10,46)
(24,46)
(30,46)
(33,46)
(36,46)
(50,46)
(53,46)
(5,47)
(10,47)
(24,47)
(30,47)
(33,47)
(36,47)
(50,47)
(53,47)
(5,48)
(10,48)
(24,48)
(30,48)
(33,48)
(36,48)
(50,48)
(53,48)
(5,49)
(10,49)
(24,49)
(30,49)
(33,49)
(36,49)
(50,49)
(5,50)
(10,50)
(24,50)
(30,50)
(33,50)
(36,50)
(50,50)
(5,51)
(10,51)
(24,51)
(30,51)
(33,51)
(36,51)
(50,51)
(5,52)
(10,52)
(24,52)
(30,52)
(33,52)
(36,52)
(5,53)
(10,53)
(24,53)
(30,53)
(33,53)
(36,53)
(5,54)
(10,54)
(24,54)
(30,54)
(33,54)
(36,54)
(5,55)
(10,55)
(24,55)
(30,55)
(33,55)
(36,55)
(40,55)
(5,56)
(10,56)
(24,56)
(30,56)
(33,56)
(36,56)
(40,56)
(5,57)
(10,57)
(24,57)
(30,57)
(33,57)
(36,57)
(40,57)
(5,58)
(10,58)
(24,58)
(30,58)
(33,58)
(36,58)
(40,58)
(5,59)
(10,59)
(24,59)
(30,59)
(33,59)
(36,59)
(40,59)
(10,60)
(24,60)
(30,60)
(33,60)
(36,60)

4 occurences
*##
#C#
***
(3,18)
(3,22)
(31,28)
(3,32)

9 occurences
***
#C#
##*
(31,18)
(50,22)
(33,25)
(5,26)
(10,31)
(36,37)
(24,40)
(14,43)
(40,53)

1 occurences
#*#
#C#
***
(3,21)

3 occurences
###
*C#
*##
(40,24)
(58,58)
(31,62)

2 occurences
##*
*C#
###
(30,28)
(23,31)

1 occurences
##*
*C#
***
(3,29)

1 occurences
***
#C*
***
(30,32)

1 occurences
***
*C#
***
(30,34)

1 occurences
***
*C#
**#
(40,39)

6 occurences
*##
#C#
**#
(43,39)
(53,50)
(10,62)
(24,62)
(33,62)
(36,62)

5 occurences
**#
*C#
*##
(45,39)
(17,45)
(20,45)
(55,50)
(58,50)

4 occurences
*##
*C#
***
(46,39)
(21,45)
(59,50)
(59,58)

1 occurences
***
#C#
#*#
(14,44)

4 occurences
*##
*C#
**#
(18,45)
(56,50)
(20,61)
(43,61)

2 occurences
***
#C#
**#
(50,52)
(30,61)

1 occurences
##*
#C#
#**
(57,56)

1 occurences
#*#
#C#
**#
(57,57)

2 occurences
*##
#C#
*##
(57,58)
(8,62)

2 occurences
***
#C#
**_
(5,60)
(40,60)

1 occurences
###
#C#
**_
(17,60)

1 occurences
***
#C#
*_#
(5,61)

1 occurences
**#
*C#
**#
(8,61)

2 occurences
*_*
*C#
*##
(19,61)
(42,61)

1 occurences
**#
#C#
*_*
(40,61)

1 occurences
**#
#C#
_##
(5,62)

1 occurences
###
_C#
*##
(6,62)

1 occurences
*##
#C#
_*#
(40,62)

